 0         3.04         3.04         3.04   -6.7367128    -150201.4    -150201.4    -150201.4    -150201.4   -6.7367128 
       5       3.0248       3.0248       3.0248   -6.7750851   -142883.25   -142883.25   -142883.25   -142883.25   -6.7750851 
      10       3.0096       3.0096       3.0096   -6.8110623   -134651.42   -134651.42   -134651.42   -134651.42   -6.8110623 
      15       2.9944       2.9944       2.9944   -6.8444366   -125386.86   -125386.86   -125386.86   -125386.86   -6.8444366 
      20       2.9792       2.9792       2.9792   -6.8749804   -114996.04   -114996.04   -114996.04   -114996.04   -6.8749804 
      25        2.964        2.964        2.964   -6.9024537   -103406.13   -103406.13   -103406.13   -103406.13   -6.9024537 
      30       2.9488       2.9488       2.9488   -6.9266083   -90557.403   -90557.403   -90557.403   -90557.403   -6.9266083 
      35       2.9336       2.9336       2.9336   -6.9471918   -76399.375   -76399.375   -76399.375   -76399.375   -6.9471918 
      40       2.9184       2.9184       2.9184   -6.9639497   -60891.058   -60891.058   -60891.058   -60891.058   -6.9639497 
      45       2.9032       2.9032       2.9032   -6.9766288   -44005.768   -44005.768   -44005.768   -44005.768   -6.9766288 
      50        2.888        2.888        2.888   -6.9849816   -25737.948   -25737.948   -25737.948   -25737.948   -6.9849816 
      55       2.8728       2.8728       2.8728   -6.9887721   -6107.9811   -6107.9811   -6107.9811   -6107.9811   -6.9887721 
      57    2.8682752    2.8682752    2.8682752   -6.9889864   -6.9957446   -6.9957446   -6.9957446   -6.9957446   -6.9889864 
