    1000         0.01 1.0372862e-21    3416098.5  5.36185e-22   -14158.991   -2327.5407    36.511501 
    2000         0.02 1.3395279e-21     13946436 6.9241712e-22   -14155.873   -4845.3061    36.873001 
    3000         0.03 1.7318552e-21     31979675 8.9521556e-22   -14150.518   -7543.1918    37.234501 
    4000         0.04 2.2794366e-21     57875843 1.1782666e-21   -14142.801   -10424.056    37.596001 
    5000         0.05 2.7550242e-21     91952208 1.4241032e-21   -14132.609   -13471.143    37.957501 
    6000         0.06 3.3465825e-21 1.3446651e+08 1.7298864e-21   -14119.839   -16666.248    38.319001 
    7000         0.07 4.0356513e-21 1.8560025e+08 2.0860739e-21   -14104.409   -19984.496    38.680501 
    8000         0.08 4.9336284e-21 2.4544325e+08 2.5502484e-21   -14086.259   -23394.575    39.042001 
    9000         0.09 5.595123e-21 3.139813e+08 2.8921824e-21   -14065.355   -26860.347    39.403501 
   10000          0.1 6.7463668e-21 3.9108796e+08 3.4872734e-21   -14041.694   -30341.828    39.765001 
   11000         0.11 7.6539404e-21 4.7652209e+08 3.9564084e-21   -14015.304   -33796.922    40.126501 
   12000         0.12 8.7155534e-21 5.6753141e+08 4.5051682e-21   -13987.109   -34856.049    40.488001 
   13000         0.13 9.9285035e-21 6.6025311e+08 5.1321559e-21   -13958.075   -36132.379    40.849501 
   14000         0.14 2.1048757e-20 6.1163083e+08 1.0880341e-20   -13979.836    1432.9946    41.211001 
   15000         0.15 1.3101974e-10 6.0808535e+08 6.7725587e-11    -13980.49    99.176286    41.572501 
   16000         0.16    23.944257 5.6598091e+08    12.377058   -13992.448   -134.07705    41.934001 
   17000         0.17     41.05357 1.8817124e+08    21.221055   -14104.153   -6940.8811    42.295501 
   18000         0.18    18.109387 1.6593899e+08    9.3609473   -14110.555   -12481.746    42.657001 
   19000         0.19    8.4768628 1.9599612e+08    4.3817864   -14101.328   -16813.856    43.018501 
   20000          0.2    5.9540172 2.3729785e+08    3.0776989   -14088.616   -20907.676    43.380001 
