    1000         0.01 3.7121419e-22     10830550 1.9188481e-22    -14156.79   -7094.7454      36.5115 
    2000         0.02 6.0599762e-22     40747428 3.1324703e-22   -14147.871   -13038.552       36.873 
    3000         0.03 8.8130194e-22     85911899 4.5555495e-22    -14134.34   -17758.382      37.2345 
    4000         0.04 1.196623e-21 1.4244232e+08 6.1854797e-22   -14117.335   -21339.935       37.596 
    5000         0.05 1.5422813e-21 2.0763303e+08 7.9722268e-22   -14097.609   -24423.917      37.9575 
    6000         0.06 1.9280799e-21 2.8019447e+08 9.9664633e-22   -14075.493   -27175.018       38.319 
    7000         0.07 2.275622e-21 3.5869206e+08 1.1762948e-21    -14051.44   -29150.285      38.6805 
    8000         0.08 2.8018967e-21 4.4018798e+08 1.4483321e-21   -14026.563   -29220.513       39.042 
    9000         0.09 4.2837845e-21 5.1818205e+08 2.2143367e-21   -14003.551   -24605.908      39.4035 
   10000          0.1 1.6458389e-14 5.7767685e+08 8.5075277e-15   -13987.567   -13810.013       39.765 
   11000         0.11 1.2905262e-06 6.0765428e+08 6.6708761e-07   -13980.165   -5283.9824      40.1265 
   12000         0.12    12.571818 5.9236443e+08    6.4985148   -13984.476   -4939.5431       40.488 
   13000         0.13    22.459737 5.7209712e+08    11.609692       -13990   -4512.3752      40.8495 
   14000         0.14    28.637658 4.7447986e+08     14.80313   -14019.648    3914.5111       41.211 
   15000         0.15     24.36277 3.6649014e+08    12.593392   -14052.304    11733.733      41.5725 
   16000         0.16    33.941328 2.5155128e+08    17.544657    -14085.66    1363.4009       41.934 
   17000         0.17    28.193232 1.7532501e+08    14.573401   -14107.812    -10307.79      42.2955 
   18000         0.18    14.505731 1.8903948e+08    7.4981764   -14103.188   -23672.331       42.657 
   19000         0.19    7.8128847 2.5649079e+08    4.0385685   -14082.141   -35780.923      43.0185 
   20000          0.2    4.8339564 3.5498368e+08    2.4987268   -14051.102   -47639.394        43.38 
