        1000 -9.6390484e-05 1.0827271e-21    3802644.9 5.5967391e-22   -14158.879   -47.040369    36.146516 0.01
    2000 -0.00038566823 1.8231193e-21     15234212 9.4239102e-22   -14155.506   -189.79638    36.136059 0.02
    3000 -0.00086684399 2.3968636e-21     34313700 1.2389659e-21   -14149.875   -432.12183    36.118664 0.03
    4000 -0.0015379131 3.1657445e-21     61053695 1.6364092e-21   -14141.973   -779.21632    36.094405 0.04
    5000 -0.0023954183 3.8062167e-21     95437250 1.9674765e-21   -14131.798   -1235.9776    36.063406 0.05
    6000 -0.0034349129 4.9040648e-21 1.3739502e+08 2.5349666e-21   -14119.355   -1805.2348    36.025829 0.06
    7000 -0.0046516353 5.9761047e-21 1.8678857e+08 3.0891161e-21    -14104.67   -2486.2169    35.981844 0.07
    8000 -0.006041854 7.0695985e-21 2.4340394e+08 3.6543555e-21   -14087.786   -3273.3783    35.931588 0.08
    9000 -0.0076049196 8.2111228e-21 3.0695679e+08 4.2444223e-21   -14068.765   -4155.9234    35.875083 0.09
   10000 -0.0093447072 9.2230323e-21 3.7710675e+08 4.7674898e-21   -14047.683   -5117.8038     35.81219 0.10
   11000 -0.011268057 1.0766576e-20 4.5347458e+08 5.5653649e-21   -14024.631   -6138.6852     35.74266 0.11
   12000 -0.013371259 1.285713e-20 5.3564764e+08 6.6459962e-21   -13999.708   -7197.2145     35.66663 0.12
   13000 -0.015652076 1.477904e-20 6.2320455e+08 7.6394529e-21   -13973.018   -8269.9159    35.584178 0.13
   14000 -0.018115695 1.6731218e-20 7.1573399e+08 8.6485558e-21   -13944.665    -9330.652    35.495118 0.14
   15000 -0.020763846 1.9305424e-20 8.128102e+08 9.9791921e-21   -13914.757   -10355.316    35.399388 0.15
   16000 -0.023596143 2.1144305e-20 9.1396484e+08 1.092973e-20   -13883.415   -11321.107       35.297 0.16
   17000 -0.026620272 2.3782342e-20 1.0186968e+09 1.2293362e-20    -13850.77   -12202.409    35.187678 0.17
   18000 -0.029854356 2.8506138e-20 1.1264809e+09 1.4735146e-20   -13816.968   -12969.602    35.070766 0.18
   19000 -0.033329767 1.2272453e-17 1.2367896e+09 6.3437701e-18   -13782.159   -13587.588     34.94513 0.19
   20000 -0.037091582 3.5822629e-12 1.3491291e+09 1.8517122e-12   -13746.499   -14014.378     34.80914 0.20
