    0         2.64         2.64         2.64   -2.8010725   -151458.07   -151458.07   -151458.07   -151458.07   -2.8010725 
       5       2.6268       2.6268       2.6268   -2.8268336   -149073.44   -149073.44   -149073.44   -149073.44   -2.8268336 
      10       2.6136       2.6136       2.6136   -2.8519047   -146362.44   -146362.44   -146362.44   -146362.44   -2.8519047 
      15       2.6004       2.6004       2.6004    -2.876241   -143322.99   -143322.99   -143322.99   -143322.99    -2.876241 
      20       2.5872       2.5872       2.5872   -2.8997984   -139947.19   -139947.19   -139947.19   -139947.19   -2.8997984 
      25        2.574        2.574        2.574   -2.9225319   -136213.92   -136213.92   -136213.92   -136213.92   -2.9225319 
      30       2.5608       2.5608       2.5608   -2.9443937   -132083.21   -132083.21   -132083.21   -132083.21   -2.9443937 
      35       2.5476       2.5476       2.5476   -2.9653291   -127492.83   -127492.83   -127492.83   -127492.83   -2.9653291 
      40       2.5344       2.5344       2.5344   -2.9852741   -122358.72   -122358.72   -122358.72   -122358.72   -2.9852741 
      45       2.5212       2.5212       2.5212   -3.0041522   -116578.81   -116578.81   -116578.81   -116578.81   -3.0041522 
      50        2.508        2.508        2.508   -3.0218725   -110038.92   -110038.92   -110038.92   -110038.92   -3.0218725 
      55       2.4948       2.4948       2.4948   -3.0383294   -102618.68   -102618.68   -102618.68   -102618.68   -3.0383294 
      60       2.4816       2.4816       2.4816   -3.0534027   -94196.318   -94196.318   -94196.318   -94196.318   -3.0534027 
      65       2.4684       2.4684       2.4684    -3.066958   -84651.722   -84651.722   -84651.722   -84651.722    -3.066958 
      70       2.4552       2.4552       2.4552   -3.0788481   -73863.849   -73863.849   -73863.849   -73863.849   -3.0788481 
      75        2.442        2.442        2.442   -3.0889097   -61648.223   -61648.223   -61648.223   -61648.223   -3.0889097 
      80       2.4288       2.4288       2.4288   -3.0969537   -47775.453   -47775.453   -47775.453   -47775.453   -3.0969537 
      85       2.4156       2.4156       2.4156   -3.1027662   -32033.906   -32033.906   -32033.906   -32033.906   -3.1027662 
      90       2.4024       2.4024       2.4024   -3.1061128   -14240.444   -14240.444   -14240.444   -14240.444   -3.1061128 
      94    2.3928516    2.3928516    2.3928516    -3.106856   -8.5378985   -8.5378985   -8.5378985   -8.5378985    -3.106856 
